
>Var1 1 1 220 1 1
        1.089616349817633        1.109582417375915       1.1297758352416261        1.152741012388413
       1.1734680341134056       1.1567305555477658       1.1461212116213046       1.1339112020109325
       1.1182019887927519       1.1020831254568386         1.08537951818483       1.0686816690284435
       1.0541562981023422       1.0375718747833267       1.0217368820573947        1.005772580686441
       .99040964842264578       .97592483295221844       .96269455035285589       .95106294421028337
       .94148294712770964       .93476123185403526       .93266745849011456       .93925589267453691
       .96145664743452275       1.0036144960848685       1.0547221312526744       1.0891558825681495
        1.100524688501364       1.0990500375597931       1.0941676360013304       1.0897503580000829
       1.0864047270072343       1.0837678999006446       1.0814653332625133       1.0792809279670572
       1.0771001209395878       1.0748419206769644       1.0724375954135219       1.0698227296833176
       1.0669458306144053       1.0637489659556996       1.0602004405083867       1.0562578815000534
       1.0518602424998815       1.0467682755618877       1.0403628223430657       1.0319831218194904
       1.0212211623429588       1.0084175979817793       .99446783496860336       .98043169962169585
       .96748883163015931       .95751068576993381       .95443106966385394       .96553671683922715
       .99922120433588313       1.0546722213002664        1.112103724988653       1.1511116564192563
       1.1695004796865673       1.1714588407532749       1.1634855208031742       1.1491152076309321
       1.1307406762167311       1.1102412672949193       1.0897022130894947       1.0705862840721538
       1.0535188267832856       1.0387856287523898       1.0267288903996847        1.017941778329166
       1.0135897856784004       1.0157342279938577       1.0257877982073507       1.0417152052666869
        1.057545235779854       1.0684715143761054       1.0737273745262532       1.0749375905351974
       1.0739271026051682         1.07187708029387       1.0693855073156833       1.0667357537757323
       1.0640830139148632       1.0615358930897782       1.0591808913222385       1.0570868529211148
       1.0553054427964232       1.0538718442159332       1.0528059499626421       1.0521137469695929
       1.0517888561325994       1.0518142727369932       1.0521643506048077       1.0528070057071215
       1.0537059531596442       1.0548228418919039       1.0561190704848626       1.0575572250966045
       1.0591021040696953       1.0607213170541243       1.0623855940516675         1.06406884656703
       1.0657481713313957       1.0674038364324974        1.069019271530447       1.0705805963921995
       1.0720744088649043        1.073482526667122       1.0747758724019487       1.0759231409632832
       1.0768944005776853       1.0776670891669426        1.078226666357597       1.0785653996831455
       1.0786805907141697       1.0785736707856244       1.0782502548682631       1.0777203176877832
       1.0769976061077584       1.0760977273252081       1.0750351348657496       1.0738202819705112
       1.0724579914403662       1.0709478573815197       1.0692865369365816       1.0674713605694048
       1.0655043159036264       1.0633956324642733        1.061166447998263       1.0588502443573913
        1.056493109372062       1.0541527449812225       1.0518962266588654       1.0497964043296439
       1.0479267824102689       1.0463551303765728       1.0451370571869574        1.044311559978127
       1.0438987937223376       1.0438993547969841       1.0442950446771215       1.0450516106789256
       1.0461234663135484       1.0474599104047901        1.049011784853249       1.0507373502555133
        1.052606358604623       1.0546018020795134       1.0567193997558004       1.0589653325238928
       1.0613529836454636       1.0638994476544019       1.0666222618251615        1.069536564262394
       1.0726487801886886       1.0759609165167825       1.0794649045893878       1.0831462338334903
       1.0869812808274733       1.0909355761800035       1.0949538258768845        1.098986943644942
       1.1029678720645095        1.106827805756148       1.1104796151967731       1.1138161511080296
       1.1167116189461257       1.1190411436459948       1.1206725026515607       1.1214691555802003
       1.1212823733772328       1.1199543138621137       1.1173123651615153       1.1131618591075785
       1.1072657884451531       1.0993813095880991       1.0894395769973793       1.0777340792004999
        1.064759033384185       1.0509367742794158       1.0365329997312713       1.0217438860647456
       1.0069437816719451       .99226878673387353       .97809168893682974       .96485124524450128
       .95279108345184516       .94244471057440782       .93452127047883193        .9300560852346389
       .93138219043903314       .94366203964850393       .97298290861206393       1.0199767210879216
       1.0688932549533587       1.0954498934935488       1.1004563693023661       1.0977303095299507
       1.0974228313028509       1.1037804470554098       1.1176086399913736        1.138212706565259
       1.1642910972883149       1.1951831925996421       1.2306289527021537       1.2703589550763468
       1.3146812664560552        1.363222510261012       1.4155194309147396       1.4706225310995185
       1.5272095414753371       1.5838983751704945       1.6391560230359918       1.6918544409157126
       1.7389157572856548       1.7832034554449296       1.8188509031844777       1.8511249053625547


>Var2 1 1 220 1 1
     .0024439921160338204      .002453641046366938     .0023793525440744929     .0023209139695324022
     .0022589582945558235      .002209149049323368     .0023051958611406539     .0023634987963249863
     .0024164213125452455     .0024769544738484353     .0025323857475260795     .0025854195019192842
     .0026191980056196446     .0026361703407635243     .0026389987489614988     .0026301782335381874
     .0026120352720766355     .0025866213868176056     .0025557005892036179     .0025207496594490107
     .0024829785035911183     .0024433571371148158     .0024026430807714987     .0023614023773188644
     .0023200179681879289     .0022787017180420262     .0019719345717585145     .0016003970917387231
     .0014313312520291331     .0013606321261785113     .0013277747306074737     .0013046757526499299
     .0012818278544391851     .0012580218963495482     .0012342643322832999     .0012114428101862257
     .0011899951458669968     .0011701010592372635     .0011518687877160162     .0011353827781389947
     .0011207260611938203     .0011079555607346311     .0010971727599216265     .0010884193414909993
     .0010818050371803822     .0010775320754394478     .0010764743676761515     .0010810988507999318
     .0010912091731235898     .0010996503998954893     .0011066552524364275     .0011124091744491959
     .0011170581642273303      .001120715090457791     .0011234589004191855     .0011253227516697388
     .0011262785640330454     .0010540973822682966    .00085979653081815616    .00074696774811199354
    .00068751933924909663    .00065748061189425369    .00064646102643730165    .00064716940395428719
    .00065669559635717534    .00067347609418145669    .00069650314581757872     .0007183952224168841
    .00073781652334696816    .00075509573945052241    .00077049139900823432     .0007842102853547622
    .00079641756794578686    .00080724088997323083    .00081677164469885354    .00079541384465458176
    .00074330790226078889    .00070230353354198754     .0006762391998694602    .00066147629111684974
    .00065347138983770973    .00064901863209930271    .00064632922735099953    .00064451717445318719
    .00064313431743842934     .0006419069762504953    .00064062786660548589    .00063912532180332383
     .0006372594646894958    .00063492385415756935    .00063204653664866489    .00062858961280555373
    .00062454736973757512    .00061994289759482134     .0006148233098946075    .00060925390142468948
    .00060331177045563769    .00059707967947636182    .00059064066744437345    .00058407390464878118
    .00057745183167563947    .00057083850771112916    .00056428902083731391    .00055784956692022964
    .00055155801788680636    .00054544459574558987     .0005395325738234072    .00053383895035362481
    .00052837572647579552    .00052315343970966673    .00051818842132634788    .00051351040942055411
    .00050914931168589929    .00050513119070578019    .00050147155732937457    .00049817606752821156
    .00049524303596362111    .00049266606454756163    .00049043520214664003    .00048853678883841313
    .00048695314403534895     .0004856631746495663    .00048464458053717893    .00048387740911336776
     .0004833474131231543    .00048304797003015306    .00048297953415835771    .00048314674571748353
    .00048355378897082602    .00048419905892448431    .00048506999360957328    .00048613868058252344
    .00048735871375279235    .00048866341854384972    .00048996593183430772    .00049116162186957477
    .00049213351814937569    .00049276131538997703    .00049293340357396502    .00049255942468282487
    .00049157992888045922     .0004899720057807179    .00048775064601015586    .00048496547451137026
    .00048169283667546343    .00047802460190677991    .00047405575912131803    .00046987326209160113
     .0004655480322293741    .00046113103500597613     .0004566532871073519    .00045212887789318804
    .00044755975348151236    .00044294100375211941    .00043826564821420873    .00043352846300438486
    .00042872872249088826     .0004238765197206508    .00041898594861654141    .00041408053672148333
    .00040918766875852505    .00040434041827158045    .00039957787707391558    .00039495319153528429
    .00039050611018320679    .00038628696635593826    .00038234087713216221    .00037872268553642625
    .00037549749617124951      .000372739672252545    .00037051890989727939    .00036891065890094353
    .00036799747163728755     .0003678799924828807     .0003686811023567781    .00037056000979187009
    .00037373272122429832    .00037851322739814651    .00038532405116107889    .00039458263920245305
    .00040651856836848035    .00041898450767782899    .00043064022780521597    .00044158826379347776
    .00045191005553314392    .00046166958117732583    .00047091949550783375    .00047970165624893271
    .00048804884068543423    .00049598798702081028    .00050353907201127585    .00051071485997782344
    .00051751939604489027    .00052394050774334431    .00052993580775529802    .00053543836356655767
    .00046033130941273455    .00040252285110357736    .00038124700658873718    .00037693933976961443
    .00037668454253274086    .00037368226692262654    .00036574625355448006    .00035355814434232441
    .00033886095068234591    .00032334115473010562    .00030782392119176359    .00029276065733870163
    .00027847976011977185     .0002650062274575853    .00025251340634385337    .00024107292896625041
    .00023075058265076346    .00022158100333177566    .00021353996744761234    .00020659041492192425
    .00020063507065907956    .00019579704646951931    .00019158696914130444    .00018844222821449923


>Var3 1 1 220 1 1
       .21414074416315185       .21426891230439613       .21439570025077037       .21452112270977655
       .21464519419975298        .2147679278652225       .21488933647176339       .21500943382357005
       .21512823387782981       .21524575028217036        .2153619958192402       .21547698306188845
       .21559072480714683       .21570323385734805       .21581452269995705       .21592460384897069
        .2160334896841152       .21614119256113226       .21624772478612858       .21635309863292829
       .21645732633139841       .21656042005988743        .2166623919475486       .21676325409568592
       .21686301863520285       .21696169774829885       .21705931064819953       .21715584458046416
       .21725133259344825       .21734578067552091       .21743919947969953       .21753159914550171
       .21762299010318237       .21771338299679455       .21780278848272222       .21789121712781762
       .21797867937545476       .21806518555878859       .21815074590100511       .21823537051684744
       .21831906941991081       .21840185251764696       .21848372961073165       .21856471039552874
       .21864480446099691       .21872402128306759       .21880237021540425       .21887986046858013
       .21895650109116313       .21903230093485968        .2191072687997381       .21918141351995341
       .21925474400826317       .21932726927384996       .21939899844535229       .21946994083813326
       .21954010595496562       .21960950257404857       .21967813686254054       .21974601897084794
        .2198131583860049       .21987956229747391       .21994523910881902       .22001019538294228
       .22007443985712863       .22013797927364379       .22020082027313984        .2202629710633589
       .22032443860142337       .22038523027450974       .22044535350803521       .22050481576309883
       .22056362454248227       .22062178740806312       .22067931199522003       .22073620528812618
       .22079247409294278        .2208481255799305       .22090316671310831       .22095760405069623
       .22101144408095869       .22106469326485667       .22111735803671825       .22116944479486969
       .22122095988952944        .2212719096126167       .22132230019543453       .22137213780652593
       .22142142855365474        .2214701784815386       .22151839357358466       .22156607975068593
       .22161324287349146        .2216598887409344       .22170602309022164       .22175165159788657
       .22179677987992505        .2218414134903835       .22188555792492162       .22192921861871112
       .22197240094705961       .22201511022737799       .22205735171786781       .22209913061918626
       .22214045207633265       .22218132117706418       .22222174295437994       .22226172238558528
       .22230126439608686       .22234037385641112       .22237905558447874       .22241731434494141
       .22245515484970932       .22249258175765765       .22252959967540156       .22256621315772915
       .22260242670799787       .22263824477907082          .22267367177354        .2227087120443775
       .22274336989554816       .22277764958268909       .22281155531350794       .22284509124832835
       .22287826150070553       .22291107013758052       .22294352117926849       .22297561860001447
       .22300736632808144       .22303876824653279       .22306982819365473       .22310054996391074
       .22313093731011782       .22316099394373617       .22319072353728128       .22322012972501942
       .22324921610371887       .22327798623308281       .22330644363573415       .22333459179780216
       .22336243416806448       .22338997415829009       .22341721514324969       .22344416046029467
       .22347081340940864        .2234971772530506       .22352325521663041       .22354905048827953
       .22357456621955266       .22359980552596112       .22362477148746851        .2236494671491524
       .22367389552205616       .22369805958374844        .2237219622791517       .22374560652153247
       .22376899519341639       .22379213114667923       .22381501720269265       .22383765615232482
       .22386005075630896       .22388220374605314       .22390411782473413       .22392579566780629
       .22394723992308194       .22396845321083053        .2239894381244929       .22401019723200022
       .22403073307680471       .22405104817705149       .22407114502347361        .2240910260771895
        .2241106937682891       .22413015049381302       .22414939861474789        .2241684404530116
       .22418727828664764       .22420591433276105       .22422435072465854       .22424258952902626
       .22426063277623981        .2242784824341372       .22429614043527801       .22431360873152131
       .22433088928499134       .22434798409431789       .22436489518842692       .22438162464566039
       .22439817459036837       .22441454715857104       .22443074451573161       .22444676882070125
       .22446262221753599       .22447830685047673       .22449382487241623       .22450917836846876
       .22452436779712215       .22453939566875147       .22455426390286246       .22456897397362249
       .22458352747961116       .22459792608706883       .22461217149649856       .22462626538385053
       .22464020946613536       .22465400541154451       .22466765518907256       .22468116078465766
       .22469452068943999       .22470774014204395       .22472081904662677       .22473376053955713
       .22474656433858739       .22475923192324146        .2247717663701761       .22478416780119109
       .22479643808811545       .22480857886354913       .22482059113403022       .22483247629227593


>Var4 1 1 220 1 1
                        0                        0                        0                        0
                        0                        0                        0                        0
                        0                        0                        0                        0
                        0                        0                        0                        0
                        0                        0                        0                        0
                        0                        0                        0                        0
                        0                        0                        0                        0
                        0                        0                        0                        0
                        0                        0                        0                        0
                        0                        0                        0                        0
                        0                        0                        0                        0
                        0                        0                        0                        0
                        0                        0                        0                        0
                        0                        0                        0                        0
                        0                        0                        0                        0
                        0                        0                        0                        0
                        0                        0                        0                        0
                        0                        0                        0                        0
                        0                        0                        0                        0
                        0                        0                        0                        0
                        0                        0                        0                        0
                        0                        0                        0                        0
                        0                        0                        0                        0
                        0                        0                        0                        0
                        0                        0                        0                        0
                        0                        0                        0                        0
                        0                        0                        0                        0
                        0                        0                        0                        0
                        0                        0                        0                        0
                        0                        0                        0                        0
                        0                        0                        0                        0
                        0                        0                        0                        0
                        0                        0                        0                        0
                        0                        0                        0                        0
                        0                        0                        0                        0
                        0                        0                        0                        0
                        0                        0                        0                        0
                        0                        0                        0                        0
                        0                        0                        0                        0
                        0                        0                        0                        0
                        0                        0                        0                        0
                        0                        0                        0                        0
                        0                        0                        0                        0
                        0                        0                        0                        0
                        0                        0                        0                        0
                        0                        0                        0                        0
                        0                        0                        0                        0
                        0                        0                        0                        0
                        0                        0                        0                        0
                        0                        0                        0                        0
                        0                        0                        0                        0
                        0                        0                        0                        0
                        0                        0                        0                        0
                        0                        0                        0                        0
                        0                        0                        0                        0

